Address:   10.50.50.150         00001010.00110010.00110010.10 010110
Netmask:   255.255.255.192 = 26 11111111.11111111.11111111.11 000000
Wildcard:  0.0.0.63             00000000.00000000.00000000.00 111111
=>
Network:   10.50.50.128/26      00001010.00110010.00110010.10 000000
HostMin:   10.50.50.129         00001010.00110010.00110010.10 000001
HostMax:   10.50.50.190         00001010.00110010.00110010.10 111110
Broadcast: 10.50.50.191         00001010.00110010.00110010.10 111111
Hosts/Net: 62                    Class A, Private Internet

